// Return Largest Numbers in Arrays

// Test data
// ----- largestOfFour([[13, 27, 18, 26], [4, 5, 1, 3], [32, 35, 37, 39], [1000, 1001, 857, 1]]) should return [27, 5, 39, 1001].
// ----- largestOfFour([[4, 9, 1, 3], [13, 35, 18, 26], [32, 35, 97, 39], [1000000, 1001, 857, 1]]) should return [9, 35, 97, 1000000].
// ----- largestOfFour([[17, 23, 25, 12], [25, 7, 34, 48], [4, -10, 18, 21], [-72, -3, -17, -10]]) should return [25, 48, 21, -3].


function largestOfArrays(arr) {
  let largestArray = [];
  for(let i = 0; i < arr.length; i++){
    largestArray.push(Math.max(...arr[i]));
  }
  return largestArray;
}

const result = largestOfArrays([[4, 5, 1, 3], [13, 27, 18, 26], [32, 35, 37, 39], [1000, 1001, 857, 1]]);
console.log(result);